{
    "camera_model": "OPENCV",
    "height": 800,
    "width": 800,
    "worldtogt": [
        [
            1.0,
            0.0,
            0.0,
            0.0
        ],
        [
            0.0,
            1.0,
            0.0,
            0.0
        ],
        [
            0.0,
            0.0,
            1.0,
            0.0
        ],
        [
            0.0,
            0.0,
            0.0,
            1.0
        ]
    ],
    "scene_box": {
        "aabb": [
            [
                -1,
                -1,
                -1
            ],
            [
                1,
                1,
                1
            ]
        ],
        "near": 2,
        "far": 6,
        "radius": 1.0,
        "collider_type": "box"
    },
    "frames": [
        {
            "rgb_path": "0_colors.png",
            "camtoworld": [
                [
                    0.635750949382782,
                    -0.5327257513999939,
                    0.5585914254188538,
                    -1.775048017501831
                ],
                [
                    -0.7718945741653442,
                    -0.4387657046318054,
                    0.46006935834884644,
                    -1.3737844228744507
                ],
                [
                    -5.555338589147141e-08,
                    -0.7236629724502563,
                    -0.6901536583900452,
                    3.3108792304992676
                ],
                [
                    0.0,
                    0.0,
                    0.0,
                    1.0
                ]
            ],
            "intrinsics": [
                [
                    1111.1113654242622,
                    0.0,
                    399.5
                ],
                [
                    0.0,
                    1111.1113654242622,
                    399.5
                ],
                [
                    0.0,
                    0.0,
                    1.0
                ]
            ]
        },
        {
            "rgb_path": "1_colors.png",
            "camtoworld": [
                [
                    -0.13137219846248627,
                    -0.7691706418991089,
                    -0.625394344329834,
                    2.9634804725646973
                ],
                [
                    0.9913333654403687,
                    -0.10193092375993729,
                    -0.08287783712148666,
                    0.8264620900154114
                ],
                [
                    1.7507647953607375e-07,
                    -0.6308619976043701,
                    0.7758952379226685,
                    -2.556314468383789
                ],
                [
                    0.0,
                    0.0,
                    0.0,
                    1.0
                ]
            ],
            "intrinsics": [
                [
                    1111.1113654242622,
                    0.0,
                    399.5
                ],
                [
                    0.0,
                    1111.1113654242622,
                    399.5
                ],
                [
                    0.0,
                    0.0,
                    1.0
                ]
            ]
        },
        {
            "rgb_path": "2_colors.png",
            "camtoworld": [
                [
                    0.9969757795333862,
                    0.03560223802924156,
                    0.06908118724822998,
                    0.17702800035476685
                ],
                [
                    -0.07771570235490799,
                    0.4567233622074127,
                    0.8862078189849854,
                    -3.643244981765747
                ],
                [
                    -1.2791855574789679e-08,
                    -0.8888962268829346,
                    0.45810890197753906,
                    -1.641775369644165
                ],
                [
                    0.0,
                    0.0,
                    0.0,
                    1.0
                ]
            ],
            "intrinsics": [
                [
                    1111.1113654242622,
                    0.0,
                    399.5
                ],
                [
                    0.0,
                    1111.1113654242622,
                    399.5
                ],
                [
                    0.0,
                    0.0,
                    1.0
                ]
            ]
        },
        {
            "rgb_path": "3_colors.png",
            "camtoworld": [
                [
                    -0.9999958276748657,
                    0.00038020548527128994,
                    0.0029371497221291065,
                    0.48972418904304504
                ],
                [
                    -0.0029616558458656073,
                    -0.12842600047588348,
                    -0.9917147755622864,
                    3.9695844650268555
                ],
                [
                    1.509958451606508e-07,
                    -0.991719126701355,
                    0.12842656672000885,
                    0.05068999156355858
                ],
                [
                    0.0,
                    0.0,
                    0.0,
                    1.0
                ]
            ],
            "intrinsics": [
                [
                    1111.1113654242622,
                    0.0,
                    399.5
                ],
                [
                    0.0,
                    1111.1113654242622,
                    399.5
                ],
                [
                    0.0,
                    0.0,
                    1.0
                ]
            ]
        },
        {
            "rgb_path": "4_colors.png",
            "camtoworld": [
                [
                    0.2884356677532196,
                    0.5532799959182739,
                    0.7814642786979675,
                    -3.2377824783325195
                ],
                [
                    -0.9574995636940002,
                    0.1666693240404129,
                    0.2354069948196411,
                    -0.6259650588035583
                ],
                [
                    -1.3286904732012772e-07,
                    -0.8161512613296509,
                    0.5778385996818542,
                    -2.263831377029419
                ],
                [
                    0.0,
                    0.0,
                    0.0,
                    1.0
                ]
            ],
            "intrinsics": [
                [
                    1111.1113654242622,
                    0.0,
                    399.5
                ],
                [
                    0.0,
                    1111.1113654242622,
                    399.5
                ],
                [
                    0.0,
                    0.0,
                    1.0
                ]
            ]
        },
        {
            "rgb_path": "5_colors.png",
            "camtoworld": [
                [
                    -0.9361636638641357,
                    0.3315201699733734,
                    -0.11701442301273346,
                    0.8837008476257324
                ],
                [
                    0.3515651524066925,
                    0.8827871084213257,
                    -0.31159135699272156,
                    1.5217359066009521
                ],
                [
                    -2.6555440069131464e-09,
                    -0.33283862471580505,
                    -0.9429839253425598,
                    3.5921292304992676
                ],
                [
                    0.0,
                    0.0,
                    0.0,
                    1.0
                ]
            ],
            "intrinsics": [
                [
                    1111.1113654242622,
                    0.0,
                    399.5
                ],
                [
                    0.0,
                    1111.1113654242622,
                    399.5
                ],
                [
                    0.0,
                    0.0,
                    1.0
                ]
            ]
        },
        {
            "rgb_path": "6_colors.png",
            "camtoworld": [
                [
                    -0.8883050680160522,
                    -0.17916254699230194,
                    0.42286568880081177,
                    -0.9936556816101074
                ],
                [
                    -0.4592544734477997,
                    0.34654173254966736,
                    -0.8179208636283875,
                    3.3890786170959473
                ],
                [
                    1.7937836105375027e-07,
                    -0.9207659363746643,
                    -0.390115886926651,
                    1.8779760599136353
                ],
                [
                    0.0,
                    0.0,
                    0.0,
                    1.0
                ]
            ],
            "intrinsics": [
                [
                    1111.1113654242622,
                    0.0,
                    399.5
                ],
                [
                    0.0,
                    1111.1113654242622,
                    399.5
                ],
                [
                    0.0,
                    0.0,
                    1.0
                ]
            ]
        },
        {
            "rgb_path": "7_colors.png",
            "camtoworld": [
                [
                    -0.3063030242919922,
                    -0.8482138514518738,
                    -0.4321017861366272,
                    2.2579424381256104
                ],
                [
                    0.9519343376159668,
                    -0.272928923368454,
                    -0.1390371173620224,
                    1.0656509399414062
                ],
                [
                    1.3637301776725508e-07,
                    -0.453919917345047,
                    0.8910426497459412,
                    -3.1250734329223633
                ],
                [
                    0.0,
                    0.0,
                    0.0,
                    1.0
                ]
            ],
            "intrinsics": [
                [
                    1111.1113654242622,
                    0.0,
                    399.5
                ],
                [
                    0.0,
                    1111.1113654242622,
                    399.5
                ],
                [
                    0.0,
                    0.0,
                    1.0
                ]
            ]
        },
        {
            "rgb_path": "8_colors.png",
            "camtoworld": [
                [
                    -0.6104019284248352,
                    0.05147113278508186,
                    -0.7904179692268372,
                    3.0616886615753174
                ],
                [
                    0.7920921444892883,
                    0.03966487571597099,
                    -0.6091117262840271,
                    2.4740874767303467
                ],
                [
                    1.6028981519866647e-07,
                    -0.997886598110199,
                    -0.0649813786149025,
                    0.7106007933616638
                ],
                [
                    0.0,
                    0.0,
                    0.0,
                    1.0
                ]
            ],
            "intrinsics": [
                [
                    1111.1113654242622,
                    0.0,
                    399.5
                ],
                [
                    0.0,
                    1111.1113654242622,
                    399.5
                ],
                [
                    0.0,
                    0.0,
                    1.0
                ]
            ]
        },
        {
            "rgb_path": "9_colors.png",
            "camtoworld": [
                [
                    -0.9366950392723083,
                    0.2844773828983307,
                    0.2041456699371338,
                    -0.34668290615081787
                ],
                [
                    -0.35014691948890686,
                    -0.7610190510749817,
                    -0.5461203455924988,
                    2.7650022506713867
                ],
                [
                    -1.509958451606508e-07,
                    -0.5830290913581848,
                    0.8124514818191528,
                    -2.8695945739746094
                ],
                [
                    0.0,
                    0.0,
                    0.0,
                    1.0
                ]
            ],
            "intrinsics": [
                [
                    1111.1113654242622,
                    0.0,
                    399.5
                ],
                [
                    0.0,
                    1111.1113654242622,
                    399.5
                ],
                [
                    0.0,
                    0.0,
                    1.0
                ]
            ]
        },
        {
            "rgb_path": "10_colors.png",
            "camtoworld": [
                [
                    0.9943529367446899,
                    -0.0025377171114087105,
                    -0.10609552264213562,
                    0.9655039310455322
                ],
                [
                    0.10612587630748749,
                    0.023777304217219353,
                    0.9940685033798218,
                    -3.8615684509277344
                ],
                [
                    6.71612265801258e-10,
                    -0.999714195728302,
                    0.023912344127893448,
                    0.3950830101966858
                ],
                [
                    0.0,
                    0.0,
                    0.0,
                    1.0
                ]
            ],
            "intrinsics": [
                [
                    1111.1113654242622,
                    0.0,
                    399.5
                ],
                [
                    0.0,
                    1111.1113654242622,
                    399.5
                ],
                [
                    0.0,
                    0.0,
                    1.0
                ]
            ]
        },
        {
            "rgb_path": "11_colors.png",
            "camtoworld": [
                [
                    -0.3656467795372009,
                    0.923393189907074,
                    0.11682365089654922,
                    -0.02250983938574791
                ],
                [
                    -0.9307539463043213,
                    -0.36275508999824524,
                    -0.045894019305706024,
                    0.7052682042121887
                ],
                [
                    1.509958451606508e-07,
                    -0.12551504373550415,
                    0.9920918345451355,
                    -3.937269449234009
                ],
                [
                    0.0,
                    0.0,
                    0.0,
                    1.0
                ]
            ],
            "intrinsics": [
                [
                    1111.1113654242622,
                    0.0,
                    399.5
                ],
                [
                    0.0,
                    1111.1113654242622,
                    399.5
                ],
                [
                    0.0,
                    0.0,
                    1.0
                ]
            ]
        },
        {
            "rgb_path": "12_colors.png",
            "camtoworld": [
                [
                    -0.9893676042556763,
                    0.11772903054952621,
                    0.08539395034313202,
                    0.15285088121891022
                ],
                [
                    -0.14543814957141876,
                    -0.8008712530136108,
                    -0.5809072852134705,
                    2.861539363861084
                ],
                [
                    -8.742279788975793e-08,
                    -0.5871502161026001,
                    0.8094781637191772,
                    -2.7907400131225586
                ],
                [
                    0.0,
                    0.0,
                    0.0,
                    1.0
                ]
            ],
            "intrinsics": [
                [
                    1111.1113654242622,
                    0.0,
                    399.5
                ],
                [
                    0.0,
                    1111.1113654242622,
                    399.5
                ],
                [
                    0.0,
                    0.0,
                    1.0
                ]
            ]
        },
        {
            "rgb_path": "13_colors.png",
            "camtoworld": [
                [
                    -0.40932169556617737,
                    -0.04390566423535347,
                    0.9113332629203796,
                    -3.271925449371338
                ],
                [
                    -0.912390410900116,
                    0.019697368144989014,
                    -0.408847451210022,
                    2.1921823024749756
                ],
                [
                    -1.4614570886806177e-07,
                    -0.9988415837287903,
                    -0.04812166094779968,
                    0.699170708656311
                ],
                [
                    0.0,
                    0.0,
                    0.0,
                    1.0
                ]
            ],
            "intrinsics": [
                [
                    1111.1113654242622,
                    0.0,
                    399.5
                ],
                [
                    0.0,
                    1111.1113654242622,
                    399.5
                ],
                [
                    0.0,
                    0.0,
                    1.0
                ]
            ]
        },
        {
            "rgb_path": "14_colors.png",
            "camtoworld": [
                [
                    0.260065495967865,
                    -0.27802908420562744,
                    -0.9246978163719177,
                    3.936249256134033
                ],
                [
                    0.9655912518501282,
                    0.07488223910331726,
                    0.24905160069465637,
                    -0.42549577355384827
                ],
                [
                    -1.4432625050631032e-07,
                    -0.9576495885848999,
                    0.28793665766716003,
                    -0.5699959397315979
                ],
                [
                    0.0,
                    0.0,
                    0.0,
                    1.0
                ]
            ],
            "intrinsics": [
                [
                    1111.1113654242622,
                    0.0,
                    399.5
                ],
                [
                    0.0,
                    1111.1113654242622,
                    399.5
                ],
                [
                    0.0,
                    0.0,
                    1.0
                ]
            ]
        },
        {
            "rgb_path": "15_colors.png",
            "camtoworld": [
                [
                    0.36962956190109253,
                    -0.48125338554382324,
                    -0.7948392629623413,
                    3.6195971965789795
                ],
                [
                    0.9291794896125793,
                    0.19144366681575775,
                    0.3161886930465698,
                    -0.7409824728965759
                ],
                [
                    5.53963097615906e-08,
                    -0.8554208278656006,
                    0.5179338455200195,
                    -1.5327951908111572
                ],
                [
                    0.0,
                    0.0,
                    0.0,
                    1.0
                ]
            ],
            "intrinsics": [
                [
                    1111.1113654242622,
                    0.0,
                    399.5
                ],
                [
                    0.0,
                    1111.1113654242622,
                    399.5
                ],
                [
                    0.0,
                    0.0,
                    1.0
                ]
            ]
        },
        {
            "rgb_path": "16_colors.png",
            "camtoworld": [
                [
                    -0.3132602572441101,
                    -0.4863133728504181,
                    -0.8157007098197937,
                    3.460395574569702
                ],
                [
                    0.9496675729751587,
                    -0.16041678190231323,
                    -0.26906952261924744,
                    1.476524829864502
                ],
                [
                    3.640004564431365e-08,
                    -0.8589330911636353,
                    0.5120881199836731,
                    -1.3585052490234375
                ],
                [
                    0.0,
                    0.0,
                    0.0,
                    1.0
                ]
            ],
            "intrinsics": [
                [
                    1111.1113654242622,
                    0.0,
                    399.5
                ],
                [
                    0.0,
                    1111.1113654242622,
                    399.5
                ],
                [
                    0.0,
                    0.0,
                    1.0
                ]
            ]
        },
        {
            "rgb_path": "17_colors.png",
            "camtoworld": [
                [
                    0.5362961292266846,
                    0.17565512657165527,
                    0.8255495429039001,
                    -3.4306020736694336
                ],
                [
                    -0.8440301418304443,
                    0.11161129176616669,
                    0.5245535373687744,
                    -1.9975014925003052
                ],
                [
                    -1.3401879073171585e-07,
                    -0.9781045317649841,
                    0.208114892244339,
                    -0.49087464809417725
                ],
                [
                    0.0,
                    0.0,
                    0.0,
                    1.0
                ]
            ],
            "intrinsics": [
                [
                    1111.1113654242622,
                    0.0,
                    399.5
                ],
                [
                    0.0,
                    1111.1113654242622,
                    399.5
                ],
                [
                    0.0,
                    0.0,
                    1.0
                ]
            ]
        },
        {
            "rgb_path": "18_colors.png",
            "camtoworld": [
                [
                    0.14089183509349823,
                    -0.8667029142379761,
                    -0.4785141944885254,
                    2.4832260608673096
                ],
                [
                    0.9900252223014832,
                    0.12334169447422028,
                    0.06809795647859573,
                    0.21776440739631653
                ],
                [
                    5.852394124872262e-08,
                    -0.4833354651927948,
                    0.8754353523254395,
                    -3.1282849311828613
                ],
                [
                    0.0,
                    0.0,
                    0.0,
                    1.0
                ]
            ],
            "intrinsics": [
                [
                    1111.1113654242622,
                    0.0,
                    399.5
                ],
                [
                    0.0,
                    1111.1113654242622,
                    399.5
                ],
                [
                    0.0,
                    0.0,
                    1.0
                ]
            ]
        },
        {
            "rgb_path": "19_colors.png",
            "camtoworld": [
                [
                    -0.3864268958568573,
                    -0.742845356464386,
                    0.546676516532898,
                    -1.5056718587875366
                ],
                [
                    -0.9223203063011169,
                    0.3112318217754364,
                    -0.22904253005981445,
                    1.3403217792510986
                ],
                [
                    4.8186134193883845e-08,
                    -0.5927188992500305,
                    -0.8054095506668091,
                    3.4549224376678467
                ],
                [
                    0.0,
                    0.0,
                    0.0,
                    1.0
                ]
            ],
            "intrinsics": [
                [
                    1111.1113654242622,
                    0.0,
                    399.5
                ],
                [
                    0.0,
                    1111.1113654242622,
                    399.5
                ],
                [
                    0.0,
                    0.0,
                    1.0
                ]
            ]
        },
        {
            "rgb_path": "20_colors.png",
            "camtoworld": [
                [
                    0.5719535946846008,
                    -0.09299975633621216,
                    -0.8149972558021545,
                    3.628786563873291
                ],
                [
                    0.8202862739562988,
                    0.0648450031876564,
                    0.5682657361030579,
                    -1.6815811395645142
                ],
                [
                    -7.934779233664813e-08,
                    -0.9935524463653564,
                    0.1133747324347496,
                    0.0647529810667038
                ],
                [
                    0.0,
                    0.0,
                    0.0,
                    1.0
                ]
            ],
            "intrinsics": [
                [
                    1111.1113654242622,
                    0.0,
                    399.5
                ],
                [
                    0.0,
                    1111.1113654242622,
                    399.5
                ],
                [
                    0.0,
                    0.0,
                    1.0
                ]
            ]
        },
        {
            "rgb_path": "21_colors.png",
            "camtoworld": [
                [
                    -0.44878971576690674,
                    -0.6446858644485474,
                    0.6188442707061768,
                    -1.792143702507019
                ],
                [
                    -0.8936377167701721,
                    0.32376453280448914,
                    -0.310787171125412,
                    1.6511274576187134
                ],
                [
                    2.5343442189296184e-07,
                    -0.6925004720687866,
                    -0.7214175462722778,
                    3.172065496444702
                ],
                [
                    0.0,
                    0.0,
                    0.0,
                    1.0
                ]
            ],
            "intrinsics": [
                [
                    1111.1113654242622,
                    0.0,
                    399.5
                ],
                [
                    0.0,
                    1111.1113654242622,
                    399.5
                ],
                [
                    0.0,
                    0.0,
                    1.0
                ]
            ]
        },
        {
            "rgb_path": "22_colors.png",
            "camtoworld": [
                [
                    0.9726400971412659,
                    -0.006949353031814098,
                    -0.2322142869234085,
                    1.5006121397018433
                ],
                [
                    0.23231828212738037,
                    0.0290946364402771,
                    0.9722046852111816,
                    -3.6892335414886475
                ],
                [
                    -3.247849766907507e-09,
                    -0.9995526075363159,
                    0.02991306409239769,
                    0.37110474705696106
                ],
                [
                    0.0,
                    0.0,
                    0.0,
                    1.0
                ]
            ],
            "intrinsics": [
                [
                    1111.1113654242622,
                    0.0,
                    399.5
                ],
                [
                    0.0,
                    1111.1113654242622,
                    399.5
                ],
                [
                    0.0,
                    0.0,
                    1.0
                ]
            ]
        },
        {
            "rgb_path": "23_colors.png",
            "camtoworld": [
                [
                    0.6783286333084106,
                    -0.08156514167785645,
                    -0.7302175760269165,
                    3.371715784072876
                ],
                [
                    0.7347589731216431,
                    0.07530079782009125,
                    0.6741359829902649,
                    -2.1511642932891846
                ],
                [
                    -2.8335254143030397e-08,
                    -0.9938194751739502,
                    0.1110093891620636,
                    0.06343534588813782
                ],
                [
                    0.0,
                    0.0,
                    0.0,
                    1.0
                ]
            ],
            "intrinsics": [
                [
                    1111.1113654242622,
                    0.0,
                    399.5
                ],
                [
                    0.0,
                    1111.1113654242622,
                    399.5
                ],
                [
                    0.0,
                    0.0,
                    1.0
                ]
            ]
        },
        {
            "rgb_path": "24_colors.png",
            "camtoworld": [
                [
                    -0.4261694848537445,
                    0.4528336822986603,
                    -0.783148467540741,
                    2.978874921798706
                ],
                [
                    0.9046436548233032,
                    0.21332597732543945,
                    -0.36893415451049805,
                    1.667775273323059
                ],
                [
                    1.0473549849621122e-07,
                    -0.865698516368866,
                    -0.5005660057067871,
                    2.084425449371338
                ],
                [
                    0.0,
                    0.0,
                    0.0,
                    1.0
                ]
            ],
            "intrinsics": [
                [
                    1111.1113654242622,
                    0.0,
                    399.5
                ],
                [
                    0.0,
                    1111.1113654242622,
                    399.5
                ],
                [
                    0.0,
                    0.0,
                    1.0
                ]
            ]
        },
        {
            "rgb_path": "25_colors.png",
            "camtoworld": [
                [
                    -0.36073771119117737,
                    -0.14116622507572174,
                    -0.9219222664833069,
                    3.6179490089416504
                ],
                [
                    0.9326675534248352,
                    -0.05460036173462868,
                    -0.3565816283226013,
                    1.7059613466262817
                ],
                [
                    -3.4433469409123063e-09,
                    -0.9884791970252991,
                    0.1513575315475464,
                    -0.011891480535268784
                ],
                [
                    0.0,
                    0.0,
                    0.0,
                    1.0
                ]
            ],
            "intrinsics": [
                [
                    1111.1113654242622,
                    0.0,
                    399.5
                ],
                [
                    0.0,
                    1111.1113654242622,
                    399.5
                ],
                [
                    0.0,
                    0.0,
                    1.0
                ]
            ]
        },
        {
            "rgb_path": "26_colors.png",
            "camtoworld": [
                [
                    0.2618151605129242,
                    0.38517919182777405,
                    -0.8849237561225891,
                    3.524557590484619
                ],
                [
                    0.9651182889938354,
                    -0.10449052602052689,
                    0.24006019532680511,
                    -0.3204953968524933
                ],
                [
                    3.9794528561287734e-08,
                    -0.9169073104858398,
                    -0.39910057187080383,
                    1.8640753030776978
                ],
                [
                    0.0,
                    0.0,
                    0.0,
                    1.0
                ]
            ],
            "intrinsics": [
                [
                    1111.1113654242622,
                    0.0,
                    399.5
                ],
                [
                    0.0,
                    1111.1113654242622,
                    399.5
                ],
                [
                    0.0,
                    0.0,
                    1.0
                ]
            ]
        },
        {
            "rgb_path": "27_colors.png",
            "camtoworld": [
                [
                    0.2834392786026001,
                    -0.7954785227775574,
                    -0.5356084704399109,
                    2.716219186782837
                ],
                [
                    0.9589904546737671,
                    0.23511171340942383,
                    0.15830442309379578,
                    -0.15502551198005676
                ],
                [
                    4.5665707659736654e-08,
                    -0.5585129261016846,
                    0.8294959664344788,
                    -2.9322550296783447
                ],
                [
                    0.0,
                    0.0,
                    0.0,
                    1.0
                ]
            ],
            "intrinsics": [
                [
                    1111.1113654242622,
                    0.0,
                    399.5
                ],
                [
                    0.0,
                    1111.1113654242622,
                    399.5
                ],
                [
                    0.0,
                    0.0,
                    1.0
                ]
            ]
        },
        {
            "rgb_path": "28_colors.png",
            "camtoworld": [
                [
                    -0.35807833075523376,
                    -0.6692760586738586,
                    -0.6510373950004578,
                    2.9832210540771484
                ],
                [
                    0.9336917996406555,
                    -0.256672739982605,
                    -0.2496781200170517,
                    1.4523348808288574
                ],
                [
                    5.093179922255331e-08,
                    -0.6972724199295044,
                    0.7168063521385193,
                    -2.2340805530548096
                ],
                [
                    0.0,
                    0.0,
                    0.0,
                    1.0
                ]
            ],
            "intrinsics": [
                [
                    1111.1113654242622,
                    0.0,
                    399.5
                ],
                [
                    0.0,
                    1111.1113654242622,
                    399.5
                ],
                [
                    0.0,
                    0.0,
                    1.0
                ]
            ]
        },
        {
            "rgb_path": "29_colors.png",
            "camtoworld": [
                [
                    0.9373496770858765,
                    0.0019595439080148935,
                    0.34838518500328064,
                    -1.1039000749588013
                ],
                [
                    -0.34839075803756714,
                    0.005272164475172758,
                    0.9373347163200378,
                    -3.815314769744873
                ],
                [
                    4.50198367474286e-09,
                    -0.9999843239784241,
                    0.0056245471350848675,
                    0.47410693764686584
                ],
                [
                    0.0,
                    0.0,
                    0.0,
                    1.0
                ]
            ],
            "intrinsics": [
                [
                    1111.1113654242622,
                    0.0,
                    399.5
                ],
                [
                    0.0,
                    1111.1113654242622,
                    399.5
                ],
                [
                    0.0,
                    0.0,
                    1.0
                ]
            ]
        },
        {
            "rgb_path": "30_colors.png",
            "camtoworld": [
                [
                    -0.7238487005233765,
                    0.15600624680519104,
                    0.6720903515815735,
                    -2.190288543701172
                ],
                [
                    -0.6899591088294983,
                    -0.1636689007282257,
                    -0.7051023244857788,
                    3.32243013381958
                ],
                [
                    -6.685364439817931e-08,
                    -0.9741020202636719,
                    0.22610940039157867,
                    -0.4050857722759247
                ],
                [
                    0.0,
                    0.0,
                    0.0,
                    1.0
                ]
            ],
            "intrinsics": [
                [
                    1111.1113654242622,
                    0.0,
                    399.5
                ],
                [
                    0.0,
                    1111.1113654242622,
                    399.5
                ],
                [
                    0.0,
                    0.0,
                    1.0
                ]
            ]
        },
        {
            "rgb_path": "31_colors.png",
            "camtoworld": [
                [
                    -0.8383199572563171,
                    -0.29602792859077454,
                    -0.4578072130680084,
                    2.151754379272461
                ],
                [
                    0.5451788902282715,
                    -0.45520105957984924,
                    -0.70396888256073,
                    3.03989839553833
                ],
                [
                    1.4629566180701659e-07,
